#PATH-POINTS-START Path
-122.362,-164.044,120,0
-122.359,-162.044,120
-122.35,-160.044,120
-122.336,-158.045,120
-122.316,-156.045,120
-122.293,-154.045,120
-122.265,-152.045,120
-122.234,-150.045,120
-122.199,-148.045,120
-122.161,-146.046,120
-122.12,-144.046,120
-122.077,-142.047,120
-122.03,-140.047,120
-121.982,-138.048,120
-121.931,-136.049,120
-121.878,-134.049,120
-121.824,-132.05,120
-121.767,-130.051,120
-121.709,-128.052,120
-121.65,-126.052,120
-121.589,-124.053,120
-121.527,-122.054,120
-121.464,-120.055,120
-121.399,-118.056,120
-121.334,-116.057,120
-121.268,-114.059,120
-121.202,-112.06,120
-121.134,-110.061,120
-121.067,-108.062,120
-120.999,-106.063,120
-120.93,-104.064,120
-120.862,-102.065,120
-120.794,-100.067,120
-120.725,-98.068,120
-120.657,-96.069,120
-120.589,-94.07,120
-120.522,-92.071,120
-120.456,-90.072,120
-120.391,-88.073,120
-120.327,-86.074,120
-120.264,-84.075,120
-119.857,-83.031,120,0
-118.516,-84.515,120
-117.141,-85.967,120
-115.735,-87.389,120
-114.29,-88.772,120
-112.812,-90.119,120
-111.298,-91.426,120
-109.744,-92.685,120
-108.152,-93.895,120
-106.521,-95.053,120
-104.851,-96.152,120
-103.14,-97.188,120
-101.389,-98.154,120
-99.599,-99.045,120
-97.77,-99.853,120
-95.904,-100.574,120
-94.004,-101.196,120
-92.072,-101.713,120
-90.114,-102.119,120
-88.134,-102.402,120
-86.141,-102.558,120
-84.142,-102.579,120
-82.146,-102.457,120
-80.164,-102.19,120
-78.209,-101.773,120
-76.292,-101.206,120
-74.426,-100.488,120
-72.624,-99.622,120
-70.898,-98.612,120
-69.26,-97.465,120
-67.721,-96.189,120
-66.291,-94.792,120
-64.979,-93.283,120
-63.794,-91.672,120
-62.743,-89.972,120
-61.83,-88.193,120
-61.061,-86.347,120
-60.439,-84.447,120
-59.968,-82.504,120
-59.649,-80.53,120
-59.485,-78.537,120,0
-59.418,-76.539,120
-59.427,-74.539,120
-59.507,-72.541,120
-59.654,-70.546,120
-59.872,-68.558,120
-60.15,-66.578,120
-60.495,-64.608,120
-60.897,-62.649,120
-61.358,-60.703,120
-61.875,-58.771,120
-62.444,-56.854,120
-63.07,-54.954,120
-63.742,-53.071,120
-64.467,-51.207,120
-65.238,-49.361,120
-66.056,-47.536,120
-66.921,-45.733,120
-67.828,-43.951,120
-68.783,-42.194,120
-69.777,-40.458,120
-70.819,-38.751,120
-71.899,-37.068,120
-73.025,-35.415,120
-74.19,-33.79,120
-75.401,-32.198,120
-76.651,-30.637,120
-77.948,-29.115,120
-79.286,-27.628,120
-80.67,-26.185,120
-82.1,-24.787,120
-83.576,-23.437,120
-85.101,-22.143,120
-86.677,-20.912,120
-88.304,-19.75,120
-89.985,-18.666,120
-91.721,-17.674,120
-93.514,-16.79,120
-95.365,-16.032,120
-97.269,-15.425,120
-99.221,-14.995,120
-101.209,-14.786,120
-103.207,-14.826,120
-105.178,-15.154,120
-107.074,-15.782,120
-108.842,-16.71,120
-110.447,-17.899,120
-111.871,-19.302,120
-113.105,-20.875,120
-114.168,-22.568,120
-115.078,-24.348,120
-115.846,-26.194,120
-116.497,-28.085,120
-117.048,-30.007,120
-117.502,-31.955,120
-117.879,-33.919,120
-118.188,-35.894,120
-118.427,-37.88,120
-118.612,-39.871,120
-118.747,-41.867,120,0
-118.757,-41.386,120
-118.648,-39.389,120
-118.471,-37.397,120
-118.219,-35.413,120
-117.885,-33.441,120
-117.463,-31.486,120
-116.947,-29.554,120
-116.333,-27.651,120
-115.617,-25.784,120
-114.798,-23.96,120
-113.877,-22.185,120
-112.852,-20.468,120
-111.734,-18.81,120
-110.524,-17.218,120
-109.235,-15.689,120
-107.874,-14.224,120
-106.451,-12.818,120
-104.976,-11.468,120
-103.46,-10.163,120
-101.91,-8.9,120
-100.336,-7.666,120
-98.745,-6.455,120
-97.144,-5.256,120
-95.541,-4.06,120
-93.942,-2.859,120
-92.355,-1.642,120
-90.785,-0.402,120
-89.242,0.87,120
-87.73,2.179,120
-86.261,3.536,120
-84.84,4.943,120
-83.476,6.406,120
-82.177,7.926,120
-80.948,9.504,120
-79.801,11.142,120
-78.736,12.835,120
-77.758,14.579,120
-76.868,16.37,120
-76.069,18.203,120
-75.36,20.073,120
-74.737,21.973,120
-74.198,23.899,120
-73.74,25.846,120
-73.357,27.809,120
-73.231,29.284,120,0
-74.341,27.619,120
-75.465,25.965,120
-76.604,24.321,120
-77.759,22.689,120
-78.931,21.068,120
-80.122,19.461,120
-81.331,17.868,120
-82.562,16.292,120
-83.816,14.734,120
-85.094,13.195,120
-86.399,11.68,120
-87.734,10.19,120
-89.102,8.731,120
-90.506,7.308,120
-91.952,5.926,120
-93.444,4.595,120
-94.991,3.327,120
-96.6,2.139,120
-98.279,1.054,120
-100.04,0.108,120
-101.891,-0.645,120
-103.829,-1.129,120
-105.822,-1.238,120
-107.783,-0.87,120
-109.582,-0.01,120
-111.129,1.252,120
-112.419,2.777,120
-113.482,4.47,120
-114.365,6.263,120
-115.106,8.121,120
-115.731,10.02,120
-116.261,11.948,120
-116.712,13.897,120
-117.098,15.859,120
-117.429,17.831,120
-117.71,19.811,120
-117.949,21.797,120
-118.15,23.787,120
-118.319,25.78,120
-118.456,27.775,120
-118.566,29.772,120
-118.652,31.77,120
-118.717,33.769,120
-118.76,35.768,120
-118.784,37.768,120,0
-118.795,39.254,120
-118.803,37.254,120
-118.751,35.255,120
-118.637,33.258,120
-118.47,31.265,120
-118.253,29.277,120
-117.994,27.294,120
-117.699,25.316,120
-117.378,23.342,120
-117.042,21.37,120
-116.706,19.399,120
-116.388,17.424,120
-116.114,15.443,120
-115.918,13.453,120
-115.854,11.455,120
-115.999,9.461,120
-116.452,7.516,120
-117.309,5.715,120
-118.575,4.174,120
-120.153,2.95,120
-121.916,2.009,120
-123.782,1.294,120
-125.704,0.743,120
-127.658,0.316,120
-129.63,-0.014,120
-131.614,-0.27,120
-133.604,-0.466,120
-135.598,-0.613,120
-137.596,-0.721,120
-139.594,-0.793,120
-141.594,-0.837,120
-143.594,-0.856,120
-145.594,-0.854,120
-147.593,-0.832,120
-149.593,-0.795,120
-151.592,-0.742,120
-153.591,-0.675,120
-155.59,-0.597,120
-158.073,-0.486,120,0
-158.073,-0.486,0,0
#PATH.JERRYIO-DATA {"appVersion":"0.11.0","format":"path.jerryio v0.1","gc":{"robotWidth":30.48,"robotHeight":30.48,"robotIsHolonomic":false,"showRobot":false,"uol":1,"pointDensity":2,"controlMagnetDistance":12.7,"fieldImage":{"displayName":"V5RC 2027 - Override","signature":"V5RC-Override-H2H-TopDownHighlighted-TileColor66_71","origin":{"__type":"built-in"}},"coordinateSystem":"VEX Gaming Positioning System"},"paths":[{"segments":[{"controls":[{"uid":"iUstoqrAxq","x":-122.36195416537626,"y":-164.04444100340663,"lock":false,"visible":true,"heading":0,"__type":"end-point"},{"uid":"jfuORmdetc","x":-122.36195416537626,"y":-139.7606069990709,"lock":false,"visible":true,"__type":"control"},{"uid":"LFOwaT0E4k","x":-120.93349334159181,"y":-106.19177764013628,"lock":false,"visible":true,"__type":"control"},{"uid":"B1dKMw2cWy","x":-120.2192629296996,"y":-82.62217404769278,"lock":false,"visible":true,"heading":0,"__type":"end-point"}],"speedProfiles":[],"lookaheadKeyframes":[],"uid":"0sMdvKuSIe"},{"controls":[{"uid":"B1dKMw2cWy","x":-120.2192629296996,"y":-82.62217404769278,"lock":false,"visible":true,"heading":0,"__type":"end-point"},{"uid":"QEuAYyBv4m","x":-90.22158563022607,"y":-116.90523381851968,"lock":false,"visible":true,"__type":"control"},{"uid":"5i1y0ua97B","x":-60.93813874264477,"y":-101.19216475689069,"lock":false,"visible":true,"__type":"control"},{"uid":"XdWiMH2y3D","x":-59.50967791886032,"y":-79.05102198823165,"lock":false,"visible":true,"heading":0,"__type":"end-point"}],"speedProfiles":[],"lookaheadKeyframes":[],"uid":"TbXWR0vJin"},{"controls":[{"uid":"XdWiMH2y3D","x":-59.50967791886032,"y":-79.05102198823165,"lock":false,"visible":true,"heading":0,"__type":"end-point"},{"uid":"yM6mzG9EsW","x":-56.65275627129141,"y":-32.626045215236914,"lock":false,"visible":true,"__type":"control"},{"uid":"mEKsFobQfL","x":-115.93388045834624,"y":18.084314029111173,"lock":false,"visible":true,"__type":"control"},{"uid":"NmpoLIYGl3","x":-118.79080210591513,"y":-42.62527098172809,"lock":false,"visible":true,"heading":0,"__type":"end-point"}],"speedProfiles":[],"lookaheadKeyframes":[],"uid":"XHQNeIGqXv"},{"controls":[{"uid":"NmpoLIYGl3","x":-118.79080210591513,"y":-42.62527098172809,"lock":false,"visible":true,"heading":0,"__type":"end-point"},{"uid":"3f04AGMWJM","x":-118.0765716940229,"y":-1.1999070919789456,"lock":false,"visible":true,"__type":"control"},{"uid":"kXZXv0rC8f","x":-78.7938990399505,"y":-9.77067203468571,"lock":false,"visible":true,"__type":"control"},{"uid":"Y3uRGSyk51","x":-73.08005574481263,"y":29.5120006193868,"lock":false,"visible":true,"heading":0,"__type":"end-point"}],"speedProfiles":[],"lookaheadKeyframes":[],"uid":"G1HOUI4SPB"},{"controls":[{"uid":"Y3uRGSyk51","x":-73.08005574481263,"y":29.5120006193868,"lock":false,"visible":true,"heading":0,"__type":"end-point"},{"uid":"SCt43GuOV3","x":-93.7927376896872,"y":-1.9141375038711723,"lock":false,"visible":true,"__type":"control"},{"uid":"iBJ8HVxULx","x":-118.79080210591513,"y":-24.0552802725302,"lock":false,"visible":true,"__type":"control"},{"uid":"xjObZu0qE5","x":-118.79080210591513,"y":39.511226385877976,"lock":false,"visible":true,"heading":0,"__type":"end-point"}],"speedProfiles":[],"lookaheadKeyframes":[],"uid":"CDW7O9SUAG"},{"controls":[{"uid":"xjObZu0qE5","x":-118.79080210591513,"y":39.511226385877976,"lock":false,"visible":true,"heading":0,"__type":"end-point"},{"uid":"Py1AWIO2Nr","x":-119.50503251780736,"y":10.227779498296682,"lock":false,"visible":true,"__type":"control"},{"uid":"tgMOaGAghJ","x":-98.79235057293279,"y":-3.342598327655625,"lock":false,"visible":true,"__type":"control"},{"uid":"ANfv9uNZqu","x":-158.07347475998762,"y":-0.48567668008671905,"lock":false,"visible":true,"heading":0,"__type":"end-point"}],"speedProfiles":[],"lookaheadKeyframes":[],"uid":"2zvmCyA6NL"}],"pc":{"speedLimit":{"minLimit":{"value":0,"label":"0"},"maxLimit":{"value":600,"label":"600"},"step":1,"from":41,"to":120},"bentRateApplicableRange":{"minLimit":{"value":0,"label":""},"maxLimit":{"value":0,"label":""},"step":0,"from":0,"to":0}},"name":"Path","uid":"YorGXP3I7M","lock":false,"visible":true}]}